16	8	2	10	11	3	9	9	15	4	14	9	6	13	3	4	8	 SEQ = SHELL
8	8	2	10	11	3	9	9	15	4	14	9	6	13	3	4	16	 INCR =16
8	4	2	9	6	3	3	4	15	8	14	10	11	13	9	9	16	 INCR =8
6	3	2	4	8	4	3	9	11	8	9	9	15	13	14	10	16	 INCR =4
2	3	3	4	6	4	8	8	9	9	11	9	14	10	15	13	16	 INCR =2
2	3	3	4	4	6	8	8	9	9	9	10	11	13	14	15	16	 INCR =1
16	8	2	10	11	3	9	9	15	4	14	9	6	13	3	4	8	 SEQ = KNUST
13	3	2	8	11	3	9	9	15	4	14	9	6	16	8	4	10	 INCR =13
6	3	2	4	10	3	8	8	11	4	9	9	13	16	14	9	15	 INCR =4
2	3	3	4	4	6	8	8	9	9	9	10	11	13	14	15	16	 INCR =1
16	8	2	10	11	3	9	9	15	4	14	9	6	13	3	4	8	 SEQ = CIURA
14	8	2	10	3	3	8	9	15	4	16	9	6	13	11	4	9	 INCR =10
3	3	2	4	6	4	8	9	9	8	11	9	14	13	16	10	15	 INCR =4
2	3	3	4	4	6	8	8	9	9	9	10	11	13	14	15	16	 INCR =1
32	24	18	25	21	16	18	14	6	25	22	12	23	9	8	26	19	9	20	3	2	20	14	4	6	32	17	18	9	14	2	13	12	 SEQ = SHELL
12	24	18	25	21	16	18	14	6	25	22	12	23	9	8	26	19	9	20	3	2	20	14	4	6	32	17	18	9	14	2	13	32	 INCR =32
12	9	18	3	2	16	14	4	6	25	17	12	9	9	2	13	19	24	20	25	21	20	18	14	6	32	22	18	23	14	8	26	32	 INCR =16
6	9	17	3	2	9	2	4	6	24	18	12	9	14	8	13	12	25	20	18	21	16	14	14	19	32	22	25	23	20	18	26	32	 INCR =8
2	9	2	3	6	9	8	4	6	14	14	12	9	16	17	13	12	20	18	14	19	24	18	18	21	25	20	25	23	32	22	26	32	 INCR =4
2	3	2	4	6	9	6	9	8	12	9	13	12	14	14	14	17	16	18	18	18	20	19	24	20	25	21	25	22	26	23	32	32	 INCR =2
2	2	3	4	6	6	8	9	9	9	12	12	13	14	14	14	16	17	18	18	18	19	20	20	21	22	23	24	25	25	26	32	32	 INCR =1
32	24	18	25	21	16	18	14	6	25	22	12	23	9	8	26	19	9	20	3	2	20	14	4	6	32	17	18	9	14	2	13	12	 SEQ = KNUST
9	8	9	14	2	13	3	2	6	14	4	6	23	17	18	18	19	9	16	12	14	20	25	22	12	32	32	24	26	25	21	20	18	 INCR =13
2	8	3	2	6	9	4	6	9	13	9	12	12	14	16	14	14	17	18	18	18	20	21	20	19	25	25	22	23	32	32	24	26	 INCR =4
2	2	3	4	6	6	8	9	9	9	12	12	13	14	14	14	16	17	18	18	18	19	20	20	21	22	23	24	25	25	26	32	32	 INCR =1
32	24	18	25	21	16	18	14	6	25	22	12	23	9	8	26	19	9	20	3	2	20	14	4	6	32	17	18	9	14	2	13	12	 SEQ = CIURA
4	6	18	17	18	9	14	2	6	12	22	12	23	9	8	26	19	9	20	3	2	20	14	32	24	32	25	21	16	18	14	13	25	 INCR =23
2	6	14	9	8	9	14	2	6	3	4	12	18	17	18	26	19	9	16	12	14	13	23	32	24	32	25	21	20	18	22	20	25	 INCR =10
2	3	4	2	6	6	14	9	8	9	14	12	14	9	16	12	18	13	18	20	19	17	22	21	20	18	23	26	24	32	25	32	25	 INCR =4
2	2	3	4	6	6	8	9	9	9	12	12	13	14	14	14	16	17	18	18	18	19	20	20	21	22	23	24	25	25	26	32	32	 INCR =1
50	45	8	2	4	9	45	19	41	25	47	31	4	23	17	50	25	2	4	28	9	29	34	49	32	36	14	16	15	14	37	26	20	16	45	30	2	18	46	6	5	2	49	39	24	6	33	3	17	17	38	 SEQ = SHELL
20	16	8	2	2	9	45	6	5	2	47	31	4	6	17	3	17	2	4	28	9	29	34	49	32	36	14	16	15	14	37	26	50	45	45	30	4	18	46	19	41	25	49	39	24	23	33	50	25	17	38	 INCR =32
17	2	4	2	2	9	34	6	5	2	14	16	4	6	17	3	20	16	8	28	4	18	45	19	32	25	47	31	15	14	33	26	25	17	38	30	9	29	46	49	41	36	49	39	24	23	37	50	50	45	45	 INCR =16
5	2	4	2	2	6	17	3	17	2	8	16	4	9	33	6	20	16	14	28	4	14	34	19	25	17	38	30	9	18	37	26	32	25	45	31	15	23	45	49	41	36	47	39	24	29	46	50	50	45	49	 INCR =8
2	2	4	2	4	2	8	3	4	6	14	6	5	9	17	16	9	14	33	19	15	16	34	26	17	17	37	28	20	18	38	30	24	23	45	31	25	25	45	39	32	29	46	49	41	36	47	50	50	45	49	 INCR =4
2	2	4	2	4	2	4	3	5	6	8	6	9	9	14	14	15	16	17	16	17	17	20	18	24	19	25	23	32	25	33	26	34	28	37	29	38	30	41	31	45	36	45	39	46	45	47	49	49	50	50	 INCR =2
2	2	2	2	3	4	4	4	5	6	6	8	9	9	14	14	15	16	16	17	17	17	18	19	20	23	24	25	25	26	28	29	30	31	32	33	34	36	37	38	39	41	45	45	45	46	47	49	49	50	50	 INCR =1
50	45	8	2	4	9	45	19	41	25	47	31	4	23	17	50	25	2	4	28	9	29	34	49	32	36	14	16	15	14	37	26	20	16	45	30	2	18	46	6	5	2	49	39	24	6	33	3	17	17	38	 SEQ = KNUST
5	2	8	2	4	6	33	3	17	17	38	31	4	23	17	50	25	2	4	28	9	29	34	49	32	36	14	16	15	14	37	26	20	16	45	30	2	18	46	6	50	45	49	39	24	9	45	19	41	25	47	 INCR =40
5	2	8	2	2	4	9	3	17	17	2	18	4	6	16	15	14	4	6	20	9	19	30	25	31	36	14	17	45	25	37	24	28	16	29	34	38	32	46	23	50	50	49	39	26	33	45	45	41	49	47	 INCR =13
2	2	2	2	4	4	6	3	5	4	8	15	9	6	9	17	14	16	14	18	17	17	16	20	26	19	29	23	28	25	30	24	31	32	37	25	38	33	45	34	41	36	46	39	45	49	47	45	50	50	49	 INCR =4
2	2	2	2	3	4	4	4	5	6	6	8	9	9	14	14	15	16	16	17	17	17	18	19	20	23	24	25	25	26	28	29	30	31	32	33	34	36	37	38	39	41	45	45	45	46	47	49	49	50	50	 INCR =1
50	45	8	2	4	9	45	19	41	25	47	31	4	23	17	50	25	2	4	28	9	29	34	49	32	36	14	16	15	14	37	26	20	16	45	30	2	18	46	6	5	2	49	39	24	6	33	3	17	17	38	 SEQ = CIURA
33	3	8	2	4	9	14	19	26	20	16	31	4	2	17	46	6	2	2	28	9	24	6	49	32	17	14	16	15	45	37	41	25	47	45	30	23	18	50	25	5	4	49	39	29	34	50	45	36	17	38	 INCR =23
5	3	4	2	4	9	6	2	2	17	9	4	6	2	17	17	14	16	15	20	16	24	8	39	29	30	14	18	26	25	33	31	25	47	32	34	23	19	36	28	37	41	49	49	45	46	50	45	50	45	38	 INCR =10
2	2	4	2	4	3	6	2	5	9	8	4	6	16	9	17	14	17	14	18	16	19	15	20	23	24	17	28	25	25	32	31	26	30	33	34	29	41	36	39	37	45	38	45	45	46	49	49	50	47	50	 INCR =4
2	2	2	2	3	4	4	4	5	6	6	8	9	9	14	14	15	16	16	17	17	17	18	19	20	23	24	25	25	26	28	29	30	31	32	33	34	36	37	38	39	41	45	45	45	46	47	49	49	50	50	 INCR =1
73	40	7	70	44	10	19	28	40	4	45	16	65	45	6	5	64	48	16	41	45	49	71	66	71	2	71	41	48	58	23	47	5	37	23	21	46	40	56	67	41	69	13	54	45	64	5	37	47	6	38	59	66	12	18	63	18	13	30	45	58	23	36	59	51	28	62	22	7	42	50	11	21	50	 SEQ = SHELL
51	28	7	22	7	10	19	11	21	4	45	16	65	45	6	5	64	48	16	41	45	49	71	66	71	2	71	41	48	58	23	47	5	37	23	21	46	40	56	67	41	69	13	54	45	64	5	37	47	6	38	59	66	12	18	63	18	13	30	45	58	23	36	59	73	40	62	70	44	42	50	28	40	50	 INCR =64
5	28	7	21	7	10	19	11	21	4	13	16	45	45	5	5	47	6	16	41	45	12	18	63	18	2	30	41	48	23	23	47	51	37	23	22	44	40	50	28	40	50	45	54	65	64	6	37	64	48	38	59	66	49	71	66	71	13	71	45	58	58	36	59	73	40	62	70	46	42	56	67	41	69	 INCR =32
5	6	7	21	7	10	18	11	18	2	13	16	45	23	5	5	47	28	16	22	44	12	19	28	21	4	30	41	48	45	6	37	51	37	23	41	45	40	50	63	40	13	45	45	58	58	23	47	64	40	38	59	46	42	56	66	41	50	71	54	65	64	36	59	73	48	62	70	66	49	71	67	71	69	 INCR =16
5	2	7	16	7	10	5	5	18	4	13	21	44	12	6	11	21	6	16	22	45	23	18	28	40	13	23	41	45	40	19	37	41	28	30	41	46	42	23	47	47	37	38	45	48	45	36	59	51	40	45	54	58	49	50	63	64	48	62	59	65	58	56	66	71	50	71	70	66	64	71	67	73	69	 INCR =8
5	2	5	5	7	4	6	11	18	6	7	16	21	10	13	21	40	12	16	22	41	13	18	28	44	23	19	37	45	28	23	41	45	37	23	41	46	40	30	45	47	40	36	47	48	42	38	54	51	45	45	59	58	48	50	59	64	49	56	63	65	50	62	66	66	58	71	67	71	64	71	70	73	69	 INCR =4
5	2	5	4	6	5	7	6	7	10	13	11	16	12	18	13	18	16	19	21	21	22	23	23	23	28	30	28	36	37	38	37	40	40	41	40	44	41	45	41	45	42	45	45	46	45	47	47	48	48	50	49	51	50	56	54	58	58	62	59	64	59	65	63	66	64	71	66	71	67	71	69	73	70	 INCR =2
2	4	5	5	5	6	6	7	7	10	11	12	13	13	16	16	18	18	19	21	21	22	23	23	23	28	28	30	36	37	37	38	40	40	40	41	41	41	42	44	45	45	45	45	45	46	47	47	48	48	49	50	50	51	54	56	58	58	59	59	62	63	64	64	65	66	66	67	69	70	71	71	71	73	 INCR =1
73	40	7	70	44	10	19	28	40	4	45	16	65	45	6	5	64	48	16	41	45	49	71	66	71	2	71	41	48	58	23	47	5	37	23	21	46	40	56	67	41	69	13	54	45	64	5	37	47	6	38	59	66	12	18	63	18	13	30	45	58	23	36	59	51	28	62	22	7	42	50	11	21	50	 SEQ = KNUST
41	40	7	54	44	10	5	28	40	4	38	16	65	12	6	5	18	13	16	41	45	23	36	59	51	2	62	22	7	42	23	11	5	37	23	21	46	40	56	67	73	69	13	70	45	64	19	37	47	6	45	59	66	45	18	63	64	48	30	45	58	49	71	66	71	28	71	41	48	58	50	47	21	50	 INCR =40
12	6	5	13	13	10	5	19	23	4	6	16	2	28	22	7	18	23	11	5	21	23	21	38	40	56	41	40	7	42	44	16	30	28	37	36	46	45	59	62	45	18	48	58	45	41	37	40	47	59	51	65	66	71	41	54	64	48	47	45	50	49	71	66	71	67	73	69	63	70	50	64	45	58	 INCR =13
2	4	5	5	7	6	5	7	12	10	6	13	13	18	11	16	18	23	21	16	21	23	22	19	23	28	37	36	30	28	37	38	40	41	41	40	45	42	41	40	45	45	44	45	45	48	47	54	46	49	48	58	47	56	50	62	50	58	51	64	63	59	59	65	64	67	71	66	66	70	73	69	71	71	 INCR =4
2	4	5	5	5	6	6	7	7	10	11	12	13	13	16	16	18	18	19	21	21	22	23	23	23	28	28	30	36	37	37	38	40	40	40	41	41	41	42	44	45	45	45	45	45	46	47	47	48	48	49	50	50	51	54	56	58	58	59	59	62	63	64	64	65	66	66	67	69	70	71	71	71	73	 INCR =1
73	40	7	70	44	10	19	28	40	4	45	16	65	45	6	5	64	48	16	41	45	49	71	66	71	2	71	41	48	58	23	47	5	37	23	21	46	40	56	67	41	69	13	54	45	64	5	37	47	6	38	59	66	12	18	63	18	13	30	45	58	23	36	59	51	28	62	22	7	42	50	11	21	50	 SEQ = CIURA
13	30	7	58	23	10	19	28	28	4	22	7	42	45	6	5	50	48	16	41	45	49	71	66	71	2	71	41	48	58	23	47	5	37	23	21	46	40	56	67	41	69	13	54	45	64	5	37	47	6	38	59	66	12	18	63	18	73	40	45	70	44	36	59	51	40	62	45	16	65	50	11	21	64	 INCR =57
5	30	2	6	23	10	19	12	18	4	18	7	21	45	6	5	36	41	16	13	45	45	16	13	37	7	21	38	48	58	23	28	5	22	23	40	45	40	44	50	48	51	40	54	45	64	65	50	11	58	41	59	66	28	47	63	37	73	42	46	70	56	67	59	69	41	62	49	71	66	71	47	71	64	 INCR =23
5	7	2	6	6	5	19	12	11	4	18	28	5	13	23	7	21	38	16	13	23	30	16	22	23	10	36	40	18	46	41	45	21	28	37	40	37	41	42	50	45	47	40	45	45	41	45	49	44	58	48	51	66	54	47	63	62	50	48	58	70	56	67	59	69	64	65	73	71	66	71	59	71	64	 INCR =10
5	4	2	6	5	5	16	7	6	7	16	12	11	10	18	13	18	13	19	22	21	28	23	28	21	30	36	40	23	38	37	40	23	41	40	45	37	41	41	45	44	46	42	49	45	47	45	50	45	50	47	51	62	54	48	58	66	56	48	59	69	58	65	59	70	64	67	63	71	64	71	73	71	66	 INCR =4
2	4	5	5	5	6	6	7	7	10	11	12	13	13	16	16	18	18	19	21	21	22	23	23	23	28	28	30	36	37	37	38	40	40	40	41	41	41	42	44	45	45	45	45	45	46	47	47	48	48	49	50	50	51	54	56	58	58	59	59	62	63	64	64	65	66	66	67	69	70	71	71	71	73	 INCR =1
98	93	82	83	89	11	91	88	48	34	98	14	37	84	16	4	45	74	76	33	79	89	10	26	72	73	59	42	56	3	57	42	51	71	5	44	18	48	84	90	50	88	46	75	85	92	35	40	48	72	10	69	68	75	54	58	9	50	81	78	17	93	79	71	70	84	54	26	44	36	53	54	94	5	52	73	59	9	52	24	23	61	85	24	90	90	30	74	78	17	14	92	24	29	56	62	81	5	24	 SEQ = SHELL
70	84	54	26	44	11	53	54	48	5	52	14	37	9	16	4	23	61	76	24	79	89	10	26	72	17	14	42	24	3	56	42	51	5	5	44	18	48	84	90	50	88	46	75	85	92	35	40	48	72	10	69	68	75	54	58	9	50	81	78	17	93	79	71	98	93	82	83	89	36	91	88	94	34	98	73	59	84	52	24	45	74	85	33	90	90	30	74	78	73	59	92	56	29	57	62	81	71	24	 INCR =64
51	5	5	26	18	11	53	54	48	5	46	14	37	9	16	4	23	61	10	24	68	75	10	26	9	17	14	42	17	3	56	42	70	71	24	44	44	36	84	88	50	34	52	73	59	84	35	24	45	72	76	33	79	89	30	58	72	50	59	78	24	29	57	62	81	84	54	83	89	48	91	90	94	88	98	75	85	92	52	40	48	74	85	69	90	90	54	74	78	73	81	92	56	93	79	71	98	93	82	 INCR =32
23	5	5	24	18	11	10	26	9	5	14	14	17	3	16	4	45	61	10	26	44	36	30	54	48	17	46	42	24	9	35	24	48	71	24	33	68	48	53	58	50	34	52	73	37	29	52	40	51	72	54	44	79	75	54	74	72	50	59	75	56	84	56	42	70	74	76	69	89	89	84	88	78	73	81	78	59	92	57	62	81	84	82	83	90	90	91	90	94	88	98	92	85	93	79	71	98	93	85	 INCR =16
9	5	5	14	17	3	10	4	23	5	10	24	18	9	16	24	45	17	14	26	24	11	30	26	48	34	24	33	37	29	35	40	48	50	46	42	44	36	52	42	50	61	52	44	56	48	53	54	51	71	54	69	59	75	54	58	70	72	59	73	68	84	56	62	72	73	76	75	79	89	57	71	78	74	81	78	85	90	79	74	81	84	82	83	89	92	84	88	94	88	85	92	90	93	91	90	98	93	98	 INCR =8
9	3	5	4	17	5	10	14	18	5	10	24	23	9	14	24	24	11	16	26	37	17	24	26	44	29	30	33	45	34	35	40	48	36	46	42	48	48	52	42	50	50	52	44	51	61	53	54	56	71	54	58	59	72	54	62	68	73	56	69	70	74	57	71	72	75	59	73	78	84	76	74	79	84	79	75	81	88	81	78	85	89	82	83	89	90	84	88	90	92	85	90	94	93	91	92	98	93	98	 INCR =4
5	3	9	4	10	5	10	5	14	9	16	11	17	14	18	17	23	24	24	24	24	26	30	26	35	29	37	33	44	34	45	36	46	40	48	42	48	42	50	44	51	48	52	50	52	54	53	58	54	61	54	62	56	69	56	71	57	71	59	72	59	73	68	73	70	74	72	74	76	75	78	75	79	78	79	83	81	84	81	84	82	88	84	88	85	89	85	90	89	90	90	92	91	92	94	93	98	93	98	 INCR =2
3	4	5	5	5	9	9	10	10	11	14	14	16	17	17	18	23	24	24	24	24	26	26	29	30	33	34	35	36	37	40	42	42	44	44	45	46	48	48	48	50	50	51	52	52	53	54	54	54	56	56	57	58	59	59	61	62	68	69	70	71	71	72	72	73	73	74	74	75	75	76	78	78	79	79	81	81	82	83	84	84	84	85	85	88	88	89	89	90	90	90	91	92	92	93	93	94	98	98	 INCR =1
98	93	82	83	89	11	91	88	48	34	98	14	37	84	16	4	45	74	76	33	79	89	10	26	72	73	59	42	56	3	57	42	51	71	5	44	18	48	84	90	50	88	46	75	85	92	35	40	48	72	10	69	68	75	54	58	9	50	81	78	17	93	79	71	70	84	54	26	44	36	53	54	94	5	52	73	59	9	52	24	23	61	85	24	90	90	30	74	78	17	14	92	24	29	56	62	81	5	24	 SEQ = KNUST
23	61	46	24	85	11	30	40	48	17	10	14	24	29	16	4	9	5	24	33	17	89	10	26	70	73	54	26	44	3	53	42	51	5	5	44	18	9	52	24	50	88	82	75	89	90	35	74	48	34	14	69	37	75	54	58	45	50	76	78	79	93	79	71	72	84	59	42	56	36	57	54	94	71	52	73	59	48	84	90	98	93	85	83	90	92	91	88	78	72	98	92	68	84	56	62	81	74	81	 INCR =40
23	16	4	3	5	11	30	5	5	10	10	9	24	24	26	42	9	36	24	33	17	48	17	18	14	48	29	50	44	24	45	42	51	35	71	44	26	14	52	37	59	46	56	53	50	54	40	74	48	34	59	69	54	61	54	56	62	57	74	78	79	52	73	70	72	84	68	84	58	75	81	76	81	89	88	78	71	73	84	75	88	82	85	83	90	92	91	93	79	72	98	92	90	98	93	85	89	90	94	 INCR =13
5	10	4	3	5	11	10	5	9	14	17	9	14	16	24	18	17	24	26	33	23	24	29	37	24	34	30	42	26	35	40	42	44	36	45	44	48	46	52	50	50	48	54	53	51	48	56	56	54	52	59	69	58	54	68	70	59	57	71	74	62	61	73	75	71	72	74	76	72	73	81	78	79	75	84	78	79	82	85	83	81	84	88	84	88	89	91	85	89	90	93	92	90	92	94	93	90	98	98	 INCR =4
3	4	5	5	5	9	9	10	10	11	14	14	16	17	17	18	23	24	24	24	24	26	26	29	30	33	34	35	36	37	40	42	42	44	44	45	46	48	48	48	50	50	51	52	52	53	54	54	54	56	56	57	58	59	59	61	62	68	69	70	71	71	72	72	73	73	74	74	75	75	76	78	78	79	79	81	81	82	83	84	84	84	85	85	88	88	89	89	90	90	90	91	92	92	93	93	94	98	98	 INCR =1
98	93	82	83	89	11	91	88	48	34	98	14	37	84	16	4	45	74	76	33	79	89	10	26	72	73	59	42	56	3	57	42	51	71	5	44	18	48	84	90	50	88	46	75	85	92	35	40	48	72	10	69	68	75	54	58	9	50	81	78	17	93	79	71	70	84	54	26	44	36	53	54	94	5	52	73	59	9	52	24	23	61	85	24	90	90	30	74	78	17	14	92	24	29	56	62	81	5	24	 SEQ = CIURA
50	81	78	17	89	11	71	70	48	34	26	14	36	53	16	4	5	52	73	33	9	52	10	23	61	73	24	42	56	3	57	42	17	14	5	24	18	48	62	81	5	24	46	75	85	92	35	40	48	72	10	69	68	75	54	58	9	98	93	82	83	93	79	91	88	84	54	98	44	37	84	54	94	45	74	76	59	79	89	24	26	72	85	59	90	90	30	74	78	51	71	92	44	29	56	84	90	50	88	 INCR =57
23	29	48	17	10	11	3	57	42	17	9	5	24	18	16	4	5	5	24	33	9	52	10	35	40	54	24	42	50	68	59	48	34	14	14	36	53	48	62	79	30	73	46	51	71	44	37	61	56	72	45	56	71	70	54	58	24	26	72	82	59	90	81	52	74	78	54	85	92	44	81	73	84	89	69	76	75	79	89	26	98	93	85	83	93	90	91	88	84	75	98	92	50	84	78	94	90	74	88	 INCR =23
9	5	10	14	10	4	3	5	24	17	9	29	24	17	14	11	5	26	42	26	23	48	34	18	16	36	24	42	50	33	30	52	46	35	40	44	24	48	56	44	45	56	48	51	54	54	37	57	62	68	59	73	50	52	69	58	53	61	72	72	59	73	71	70	71	76	54	74	84	75	81	90	81	83	74	78	75	79	88	79	98	92	84	84	78	90	90	85	89	82	98	93	85	89	93	94	91	88	92	 INCR =10
5	4	3	5	9	5	9	11	10	17	10	14	16	17	14	18	23	26	24	26	24	33	30	29	24	35	34	42	24	36	37	44	45	48	40	44	46	48	42	51	50	52	48	52	50	54	54	57	53	56	56	58	54	61	59	70	59	68	69	72	62	73	71	73	71	75	72	74	75	76	74	78	78	79	81	79	81	82	84	84	84	83	88	85	85	88	90	90	89	89	92	93	91	90	93	94	98	92	98	 INCR =4
3	4	5	5	5	9	9	10	10	11	14	14	16	17	17	18	23	24	24	24	24	26	26	29	30	33	34	35	36	37	40	42	42	44	44	45	46	48	48	48	50	50	51	52	52	53	54	54	54	56	56	57	58	59	59	61	62	68	69	70	71	71	72	72	73	73	74	74	75	75	76	78	78	79	79	81	81	82	83	84	84	84	85	85	88	88	89	89	90	90	90	91	92	92	93	93	94	98	98	 INCR =1
